-191373323
1419062085
-823673361
-128838583
-1144549117
725120068
1744532838
739083455
-916398575
-346920636
-1206437782
679134227
-286571272
374004866
2123477342
-1677659134
-1664090115
-91782624
1791747047
-1305232130
755727373
-269720811
-686205234
-1803551679
-1551274166
888933220
-1998161878
1101840164
-615689274
-1408243824
-1533108290
-115335248
-1050588531
1387562318
537219999
-1648568715
-979260695
901557116
-2100514022
472290714
505135584
1180269905
-580047916
-2037874379
-1340439039
-1363862314
400612657
1306155228
1113867103
-1435467627
1193758201
-1420417412
584614878
3960975
-1348708295
-442923416
1187887021
-1060053390
-1250463897
-250946379
-2055052782
335875339
-629758775
-607384636
1189989996
-2114045191
1242238486
940146719
-1955032714
596755619
-2104331684
353215881
-1159374136
-2058161813
-1400610523
762190159
641129123
1267982371
-701032491
1881746916
-1847083027
-31177025
-431826602
2027918252
-1349119366
-133170868
-573531146
-2118173929
-392991348
-1521849312
1368076687
-982400014
-1042293091
-850156205
-1850192409
-1447948807
-30577573
699814253
846270298
-1185825104
1072073203
1761996640
-901255754
-676278158
-1676543342
-1375778888
975450981
-315195702
1670572328
-1243831536
1928946897
-444849151
2062301294
-334335032
-410830333
1506794487
1167740714
-1816107276
-7008627
-423755722
1367794865
-747761513
1914039210
2125320515
894341549
1164551952
1085313187
797892919
558377248
-644709933
-1362027149
-1151724657
1673141672
1807765340
1526743981
469911103
78280452
-1080871327
675684765
-258082804
-646308906
1451775559
-750965842
-732659685
1011119018
1123113686
1981794315
-2060539196
1795728694
421861167
1453424775
1653854123
1999762659
187325436
-1173426495
1446622481
1667827596
561872106
641582723
1876874343
1542458756
681851220
176726634
-242494428
-379053603
105577536
-777488692
-393065769
654191079
-1528715378
2113392341
-1270079617
-1209884425
-513974674
1003108339
-1744823526
-858375063
-148372718
2068086643
243629947
-1648114713
-778216540
-1161255316
-2054572192
1829632490
-1409215878
-288182309
955806659
1588433024
802686344
-2108576497
2117585520
213067344
826448150
89828423
535767511
-109211685
-1734540878
1841917337
-1087818205
2117398788
-2088388250
406651412
588112779
236939985
750359598
-1373849303
645095911
359424371
1832396708
-1993080762
-1889948283
408919683
1360689661
-717612861
-1454515907
1184224142
582036536
1703200769
1710187970
2041594067
-971074669
930309584
262355514
-1756527542
1240757825
-888017647
388305425
-669920024
631529306
-1588989284
509703178
1491152417
-401818093
871474787
1460635286
747777966
-1235467218
-295222569
1797477737
2072556944
1093154739
-9859446
363224137
-132944812
170503136
616846357
218983208
1784145303
1944114525
-915278789
-234866827
2035085516
211611059
1430353486
1073229486
1207647292
2069518847
1679997649
895573561
1798865486
-36697886
-1456425890
-666794892
345097992
1327512507
-1867789622
-2146001142
-950179371
1429221144
-1298871162
383748744
1026953096
183326313
-407170489
-682195153
1135323296
-1359077642
1259780329
110016267
-704112691
1674014226
-1150151280
-1331500732
-942064461
-1232122224
200525840
204818099
1204446957
857244022
525143950
-328944712
-495749805
1989797360
-1352252057
-1110049974
-1973148288
-1951404921
-1398955440
1857820494
1511413646
-1743418990
2051715517
1689004588
500845091
-1613407508
209393543
717159840
1400640177
-545590041
587434952
-934602035
-745417224
-1160279425
-901107447
27250583
693535951
-1486068526
-1998739297
31110449
569188644
-1279205937
1950255441
-864646156
-14364863
789631534
-176743362
533430386
748042064
-1977893217
-1720220675
1151741387
1282865953
1370225733
-1880444411
1402728766
-469220311
1357959269
-946155953
1142448899
441560525
-1539488934
532804922
1015613527
-1624633376
661189324
1141796781
63541975
1889791338
86987553
1005570434
-1555807983
1510706091
-1044573134
-550213086
-1805700009
2113992031
1633852738
-2007657620
-1542926377
1427664450
-262286293
-364254502
-910002968
1477450454
-786652199
-1298861850
-710266714
676454499
-1501760004
181144234
939077312
-815480514
916853753
1966080454
1970668943
2120300878
1013097249
1619271301
-1397280917
-1246732597
933343268
104480834
16991546
-1818899639
221806023
899520520
-966668727
562073844
-1050277164
-48502408
-263669410
1159708701
456426322
979858927
-427830515
-1359265547
1206128886
-383126041
1939131722
-182844009
407748313
547570845
-1026577345
2034948171
-1780194198
-1995136524
843099232
-936031736
216320933
1149480601
1165882811
-1934850758
1420134020
-781285785
137932948
-904525626
-653645898
-205742837
1110855472
-581791926
1747243662
-1227996949
-1447812879
1438099113
-129214914
-850991037
-1022852446
1670167494
-593737660
-28529519
-441040876
-1218011506
1127731747
-1497786317
1432091369
-639057348
1761551958
761375309
-114120017
1579400664
-453848959
1583002864
-865367504
-1103310592
2038387945
274823544
99550727
444756202
1587467046
55158580
1677951094
-1563549272
1281728534
891068492
1232862839
-648798290
1030359829
-949671713
192680464
-1861902959
-356072854
627336299
568301035
11704849
461015811
1087292786
-433451483
996446809
-1377878171
594924377
1187693158
373003396
-1625470499
-1691489646
-1145051855
11236963
-1860170245
-1467131139
-546022276
-1651559299
1860367680
2064943243
676921219
1315224918
-935980266
-333123036
1181965784
778284276
2090112000
-2144910646
-651598914
-985285474
-275354607
1218367742
1580363704
-1715475738
-1674970974
-2064961438
134983004
-1642618902
-1252423362
1751038367
1373030764
-1775283754
388760545
-178574200
-1251519706
840592812
124721250
-996945793
2142527194
-754939833
-802375892
-676940009
-718717507
907287452
-1418412236
624231675
329867005
-2099162045
-1791027418
1824285965
-1060590059
729658165
-1548114463
2146568658
-1996815775
1718192087
1939398182
-1602100980
-980257804
-947878345
-331820661
-904208984
-460478039
526843284
969408181
-606372902
-1816890248
-1816825053
-376156475
264233862
-107852790
503096592
-651823598
753224929
-1480359794
-656918078
1532701721
1754041176
1946367437
-924410013
41086641
603972272
-2051703940
-136257633
-1037810558
824085102
-1249241392
-1703580757
750957239
915571576
-1047932584
-1305140088
-246949390
1172022267
-894869242
-871226488
824536704
-224068209
1595555214
-2048653551
-213778483
-628620903
-549259533
-765605984
-927579366
-793573391
130933085
790452496
2131219820
-266396733
-1563022800
1547541532
-2047235897
-77909318
-232215973
-1806212062
-69627748
1488007770
-32568851
-1083796183
1437966719
-154441811
477169901
-556491227
2019252252
-1354279647
1417740650
-1120283783
783137643
-1408435536
-1461324080
1165716924
150924834
-1475347391
1319552637
1392783551
1525474155
-23967154
-1086370413
473038543
-1190647081
-1554632506
-780036081
-655172554
-1333327983
-1129844685
1416785178
238036744
-1732884778
2080720159
1517407391
189728539
586975652
1839956404
-1628098019
100227670
2052847025
549133730
1864544445
-1177378514
1370063262
992600133
-889635674
703639406
-1620029332
-1532294907
849589648
-1054333642
451596335
-196666880
-1218869609
-2135362491
-303919104
466823398
2047405905
-1561889414
-958201545
-183379419
557074978
1154667159
1161467866
-1002018235
-332602418
-2002663352
269024847
-1918604908
-1452591025
-1423244189
844124249
-1265824251
-781342488
-1093753743
720015681
1597325141
-1937506439
-460679059
-1885089453
-2057453202
964645653
-1129583157
-238242164
125378832
-1163714095
1847281339
-1751098224
858867374
112047070
-1637678674
-2079080479
1559810965
983243738
1500632345
-1923864498
-1032671917
1059547234
-1895505032
-56801624
1899780950
1749670635
282102677
1734801852
122559186
-1104398382
3111177
1568009852
-2014458648
-1413577808
1083422979
-665219201
1348477700
3719667
-1251092665
1922365355
878030214
-1142847319
-84260998
-1504191441
-1714966364
1317633439
-1717199204
948412855
-657267826
1553535146
-541302572
-2077749029
1549565394
-7403708
220424051
1194745303
-701483263
-844911270
220341042
-2080344191
51125395
-617758877
-619168066
-600977033
-755408377
-861707852
-460561034
-867295849
-1902145714
-220022510
1301951091
1662363827
-1523469975
571668616
950111176
1840664197
-160730800
1730672763
-411439606
-968935200
-1827785451
773827323
1334864914
417127976
1655484233
-1531838117
595552001
1685451524
-778731362
-811526397
1075528324
-105299119
1939066829
-1654606461
954177880
1148954201
1648819130
1286178284
-1805863408
763658820
1715522517
1644004187
1291670550
31101646
-1288977726
-1721204011
-914821905
529131322
254900027
1260446810
-1429793342
-101233786
-1359800523
2002370868
934064410
-1738239777
1340373313
-1864815729
-1874593558
1938581846
1023172661
1811567438
711763153
1920191188
-474819317
-907238373
-484331361
-705032885
-1955546360
2071867584
1954973464
-1248839634
505545248
1288765365
-1521117961
-1995230430
-540140648
-381678343
-1737062347
1397476853
2066781421
-709749468
1394786186
-1051536433
344325364
-52068931
-1318932940
-599351898
-1335920830
639758025
1813460982
1336072183
1553048013
-261000797
-1519498909
1315073970
1132048595
-1941165806
1221734492
-2028021131
1612571898
-1195444584
-833128234
-1965085187
-1973633096
1623630088
128274912
1853668056
1202756084
1327386715
831569636
447356511
1564705005
-1822854462
-899475156
-1106968605
-714506918
-2146541826
-1790401112
-1503007450
-1286231853
1347962863
-1209253139
-1639642611
1044428143
139220331
1007776641
-284063854
-679621715
-1587087791
877545557
-1226500609
258269847
-155992099
-719655022
587449944
-506989020
-1379701188
-1971000424
-531886312
236634078
-559359389
993015362
588376096
-1479879228
-412157669
-751774609
-1241828884
-1430236304
1678194528
-252994114
-1445012473
1692234108
64014316
1003830424
1523285697
1372958498
248428045
-455955854
1332829214
-249859550
397136319
-227627949
-76088304
-1607647000
571001078
-330558572
301914089
2088368877
-1887305158
-512440602
-15218422
1101378397
1721764985
-1868441703
1681469152
1768886777
113162264
412690203
1619460113
202333758
2015636810
1031889086
-1062651151
284006599
826446757
919948221
1589995834
-1172355345
649338610
-1666467456
1759521532
-273165126
606770500
1788449822
-1915224878
-2070826764
-293035445
-288894684
1183427926
-79001702
1273793513
-1523626860
1422013910
-1176617351
1524177926
2106118192
-609686969
-1562208235
1193464736
1855965944
277361785
1595908299
1729411877
-677741328
-829796724
1331644985
-1365154812
1605540645
1734520994
-686761763
-1767247999
1661317106
-449567275
184748028
-1934741816
-1479230593
-762397589
-2042492988
-1999228859
-151070582
861930824
1481947572
-428421582
754641257
140727971
1843842875
1127748209
-1705995953
-716765700
631484063
1142784923
-1009713715
-1147744947
-1059044832
1260236632
936658076
-792014977
955258205
-1795717648
-1228383847
400420895
-1998297867
-355902686
380297488
-1648004527
1715078256
651599924
1389847100
2135888644
-1947910560
-1389974709
673685006
1703547495
1618547395
-1468522500
2029784621
1328734362
-1004963925
799657250
-912338882
1088446889
-71401440
1483936753
